OrderNo|LineNumber|ProductID|VariationID|UnitPrice|UnitVat|Quantity
193-7206-9627|3|203266395|210598039|1545.0|154.5|1
451-2848-9144|8|203041178|209991217|1091.0|109.1|1
193-7206-9298|4|203185600|210444558|2180.0|218.0|1
451-2845-9048|18|203266418|210598062|409.0|40.9|1
279-5966-8098|7|13375046|39746990|11727.0|1172.7|1
451-2848-3545|1|203040890|209990926|2273.0|227.3|1
107-8432-9921|2|203266405|210598049|800.0|80.0|1
193-7199-7787|5|203041623|209991677|4545.0|454.5|1
365-4389-8164|1|203294572|210680174|5000.0|500.0|1
451-2849-0601|4|203266403|210598047|800.0|80.0|1
279-6000-0258|1|13389806|40307410|4800.0|480.0|1
451-2841-6965|2|203041174|209991213|1027.0|102.7|2
107-8440-1478|2|203041479|209991533|818.0|81.8|1
21-9262-7916|2|203294572|210680174|5000.0|500.0|1
451-2848-4337|5|203266405|210598049|800.0|80.0|1
451-2841-8272|1|203040888|209990924|2273.0|227.3|1
451-2841-6899|4|203041482|209991536|818.0|81.8|1
193-7204-5676|6|203329447|210728984|8000.0|800.0|1
279-5966-8379|4|13375036|39746677|11727.0|1172.7|1
21-9316-1793|6|14402053|40354907|2500.0|250.0|1
193-7206-2224|4|203040894|209990930|2273.0|227.3|1
451-2841-7419|1|203040890|209990926|2273.0|227.3|1
451-2841-9351|9|203126442|210206959|455.0|45.5|1
193-7207-1647|2|203266395|210598039|1491.0|149.1|1
193-7199-9363|2|203294592|210680212|3600.0|360.0|1
365-4443-4035|2|13314170|38690024|1000.0|100.0|1
451-2842-0126|1|203040890|209990926|2273.0|227.3|1
193-7199-5368|4|203041178|209991217|1091.0|109.1|1
279-5944-6609|4|203373750|210813436|682.0|68.2|2
365-4443-7275|1|13314170|38690024|1000.0|100.0|2
193-7207-1647|7|203040894|209990930|2193.0|219.3|1
365-4446-0296|2|203406530|210909529|1000.0|100.0|1
193-7214-1758|3|203266405|210598049|800.0|80.0|1
451-2848-8059|3|203266395|210598039|1545.0|154.5|1
451-2849-0601|7|202156526|207309401|800.0|80.0|1
451-2848-4958|4|203329431|210728926|591.0|59.1|1
193-7206-2224|6|203185600|210444558|2273.0|227.3|1
451-2841-8272|5|203041172|209991211|1091.0|109.1|1
193-7204-9886|2|203040894|209990930|2273.0|227.3|1
21-9316-7079|4|203263436|210588207|13091.0|1309.1|1
193-7207-1647|5|203041337|209991379|1491.0|149.1|1
451-2849-0601|1|203040894|209990930|2273.0|227.3|1
451-2847-1156|7|203041480|209991534|818.0|81.8|1
193-7214-1398|3|203040894|209990930|2080.0|208.0|1
107-8433-5288|2|203040894|209990930|2273.0|227.3|1
451-2842-0126|2|203040894|209990930|2273.0|227.3|1
451-2846-0215|4|202156571|207309446|2273.0|227.3|1
107-8432-5389|8|203266401|210598045|800.0|80.0|1
279-6000-0258|3|13314170|38690024|1000.0|100.0|2
451-2846-7565|4|203040894|209990930|2273.0|227.3|1
279-5966-8098|4|202974658|209772354|4000.0|400.0|1
107-8432-4853|6|203041620|209991674|4545.0|454.5|1
193-7204-5676|5|203185628|210444586|818.0|81.8|1
451-2846-6553|4|203294565|210680145|4401.0|440.1|1
107-8433-1571|2|202897822|209538729|1364.0|136.4|1
193-7199-9363|5|203294558|210680137|1000.0|100.0|1
451-2846-6553|3|203294578|210680196|7112.0|711.2|1
21-9262-8100|1|203294571|210680171|5000.0|500.0|1
193-7206-2884|12|203266391|210598035|1475.0|147.5|1
279-5966-9578|1|14415842|40515184|14455.0|1445.5|1
451-2848-7922|4|203329432|210728927|591.0|59.1|1
107-8430-8137|3|203041337|209991379|1545.0|154.5|1
451-2845-9048|4|203041178|209991217|1091.0|109.1|1
451-2841-8272|10|203041173|209991212|1727.0|172.7|1
451-2841-7304|10|13314999|38692709|1800.0|180.0|1
451-2848-4384|2|203329431|210728926|591.0|59.1|1
451-2848-9144|1|203041337|209991379|1545.0|154.5|1
451-2845-9048|21|202981656|209788827|5800.0|580.0|1
365-4445-4503|2|13375152|39747336|11727.0|1172.7|1
107-8440-0746|4|203040894|209990930|2273.0|227.3|1
21-9316-7079|3|13314170|38690024|1000.0|100.0|1
107-8433-5288|3|203041177|209991216|1727.0|172.7|1
451-2841-6965|4|203041335|209991377|1455.0|145.5|1
107-8426-0366|2|203041337|209991379|1403.0|140.3|1
193-7213-8323|1|203040894|209990930|2273.0|227.3|1
193-7207-0290|5|203185644|210444602|2035.0|203.5|1
193-7204-9886|1|203185593|210444551|2273.0|227.3|1
279-5998-3424|2|13310803|38676035|9000.0|900.0|1
451-2841-7304|8|203041480|209991534|818.0|81.8|1
451-2847-1156|5|203040890|209990926|2273.0|227.3|1
193-7207-0111|1|203040894|209990930|2273.0|227.3|1
193-7214-1526|9|203102836|210134243|727.0|72.7|1
365-4389-7282|1|203294572|210680175|4849.0|484.9|1
365-4442-1590|3|201108952|203928737|2727.0|272.7|1
193-7207-0290|4|203040888|209990924|2119.0|211.9|1
451-2848-4958|9|203041178|209991217|1091.0|109.1|1
193-7199-8383|1|203294565|210680145|4304.0|430.4|1
451-2846-7565|1|203329431|210728926|591.0|59.1|1
107-8432-4853|8|203041334|209991376|1545.0|154.5|1
279-6000-0959|5|13310803|38676035|9000.0|900.0|1
451-2847-1156|1|202991122|209815412|1182.0|118.2|1
107-8430-3144|13|203266410|210598054|409.0|40.9|1
193-7203-9253|5|203040894|209990930|2272.5|227.25|2
451-2846-6553|2|203041623|209991677|4445.0|444.5|1
107-8440-2820|1|203040894|209990930|2273.0|227.3|1
279-6000-0258|2|201172850|204166423|1364.0|136.4|1
365-4445-4776|3|13310803|38676096|9000.0|900.0|2
365-4389-7282|2|203294571|210680171|4848.0|484.8|1
107-8430-3144|4|203193554|210467133|900.0|90.0|1
193-7203-9253|3|203329419|210728914|1091.0|109.1|2
451-2848-4384|1|203040894|209990930|2273.0|227.3|1
451-2841-7419|3|203041173|209991212|1727.0|172.7|1
107-8432-2120|6|203329448|210728985|5000.0|500.0|1
107-8433-1164|8|202991122|209815412|1182.0|118.2|1
451-2856-1910|2|203040894|209990930|2273.0|227.3|1
451-2842-0126|4|203266421|210598065|818.0|81.8|1
107-8432-4853|10|203041479|209991533|818.0|81.8|1
279-5967-3414|3|13378227|39760802|11727.0|1172.7|1
21-9316-2034|2|13314170|38690024|1000.0|100.0|1
193-7207-2445|3|203266405|210598049|800.0|80.0|1
107-8432-4853|12|203266391|210598035|1545.0|154.5|1
193-7203-9253|7|203041177|209991216|1727.0|172.7|1
107-8440-2820|4|203041177|209991216|1727.0|172.7|1
193-7199-5729|3|203041337|209991379|1545.0|154.5|1
107-8430-9948|3|203041172|209991211|1091.0|109.1|1
451-2848-4337|2|203041482|209991536|818.0|81.8|1
279-6000-0959|6|13314170|38690024|1000.0|100.0|1
21-9316-2034|1|203263440|210588220|13091.0|1309.1|1
193-7206-2884|9|203266406|210598050|763.5|76.35|2
451-2849-3349|6|13317535|39100960|1364.0|136.4|1
365-4445-4776|1|203394547|210872216|1091.0|109.1|1
451-2841-8272|6|203041479|209991533|818.0|81.8|1
107-8432-5389|4|203041337|209991379|1545.0|154.5|1
365-4445-7852|3|202156530|207309405|800.0|80.0|1
107-8440-1330|2|203040894|209990930|2273.0|227.3|1
107-8433-5288|1|203329447|210728983|8000.0|800.0|1
107-8430-3144|3|203193581|210467160|2000.0|200.0|1
365-4411-9841|2|13317562|39100952|1364.0|136.4|1
193-7199-7787|1|203040894|209990930|2273.0|227.3|1
107-8439-8944|12|203041337|209991379|1545.0|154.5|1
107-8430-3144|2|203041482|209991536|818.0|81.8|1
451-2845-9213|2|203041334|209991376|1545.0|154.5|1
451-2845-9213|3|203041172|209991211|1091.0|109.1|1
193-7207-7351|1|203040894|209990930|2273.0|227.3|1
107-8425-7916|2|203041337|209991379|1403.0|140.3|1
193-7214-1635|3|203041178|209991217|1091.0|109.1|1
451-2848-9144|4|203040894|209990930|2273.0|227.3|1
107-8433-1164|6|202974758|209772454|2273.0|227.3|1
193-7206-0844|1|203040894|209990930|2273.0|227.3|1
451-2846-0215|1|203040888|209990924|2273.0|227.3|1
451-2848-9144|2|203266395|210598039|1545.0|154.5|1
451-2841-7419|4|203041174|209991213|1091.0|109.1|1
193-7199-7787|2|203041337|209991379|1545.0|154.5|1
279-5967-3414|1|201108952|203928737|2727.0|272.7|1
193-7214-1526|7|203185618|210444576|818.0|81.8|1
193-7213-8323|4|203041482|209991536|818.0|81.8|1
451-2841-9351|6|203041337|209991379|1545.0|154.5|1
107-8430-8137|1|203040894|209990930|2273.0|227.3|1
451-2847-1156|6|203041621|209991675|4545.0|454.5|1
451-2849-2482|3|203266406|210598050|800.0|80.0|1
193-7199-5729|2|203040894|209990930|2273.0|227.3|1
365-4442-1590|2|13314170|38690024|1000.0|100.0|1
107-8432-4853|9|203040888|209990924|2273.0|227.3|1
193-7199-5729|4|203041178|209991217|1091.0|109.1|1
451-2846-4405|3|203185628|210444586|818.0|81.8|1
365-4389-7338|2|203294571|210680169|5000.0|500.0|1
107-8432-4853|7|203041172|209991211|1091.0|109.1|1
21-9284-0519|1|202768704|209242102|11727.0|1172.7|1
21-9284-8476|1|13375098|39746696|11727.0|1172.7|1
451-2841-6899|3|203041623|209991677|4545.0|454.5|1
21-9284-8035|1|13378227|39760802|11727.0|1172.7|1
193-7207-2445|1|203266395|210598039|1545.0|154.5|1
451-2841-8272|2|203040889|209990925|5455.0|545.5|1
193-7214-1398|1|203040890|209990926|2080.0|208.0|1
193-7213-9177|4|203041482|209991536|818.0|81.8|1
21-9316-1793|3|13314170|38690024|1000.0|100.0|1
451-2848-7922|5|203041483|209991537|818.0|81.8|1
451-2841-7419|2|203041335|209991377|1545.0|154.5|1
107-8425-8581|3|202974755|209772451|2273.0|227.3|1
451-2846-7565|5|203041178|209991217|1091.0|109.1|1
451-2848-9136|2|203329457|210729006|2273.0|227.3|1
365-4411-7638|1|201150798|204082009|11727.0|1172.7|1
107-8430-3144|11|203329433|210728928|591.0|59.1|1
451-2849-0601|3|203266406|210598050|800.0|80.0|3
451-2848-4337|3|203185600|210444558|2273.0|227.3|1
193-7204-8031|1|203041178|209991217|1091.0|109.1|1
107-8433-1164|7|203040894|209990930|2273.0|227.3|1
193-7214-1398|2|203041480|209991534|749.0|74.9|1
365-4411-9841|1|13375091|39746704|11727.0|1172.7|1
365-4411-9841|5|201607562|205595053|4200.0|420.0|1
451-2842-3463|1|203040894|209990930|2273.0|227.3|1
279-5944-6609|2|203294571|210680169|5000.0|500.0|1
193-7207-1377|5|203041177|209991216|1680.0|168.0|1
193-7199-9363|6|203041482|209991536|818.0|81.8|1
193-7204-5676|3|203041482|209991536|818.0|81.8|1
107-8440-1478|1|203040888|209990924|2273.0|227.3|1
193-7199-5368|5|203041177|209991216|1727.0|172.7|1
451-2849-2482|5|203266403|210598047|800.0|80.0|1
451-2841-8272|4|203041334|209991376|1545.0|154.5|1
107-8439-8944|17|203294534|210680113|1000.0|100.0|1
451-2848-3545|5|203329414|210728909|1091.0|109.1|1
451-2841-6899|2|203041337|209991379|1545.0|154.5|1
193-7204-8031|2|203040894|209990930|2273.0|227.3|1
21-9316-7079|2|13310408|38675077|3455.0|345.5|1
451-2849-0601|5|203185628|210444586|818.0|81.8|1
365-4445-7852|2|13314170|38690024|1000.0|100.0|1
193-7204-5676|4|203185600|210444558|2273.0|227.3|1
451-2848-8059|4|203040894|209990930|2273.0|227.3|1
193-7206-9627|4|203266403|210598047|800.0|80.0|1
193-7199-8516|2|203040894|209990930|2273.0|227.3|1
193-7214-1526|3|203041337|209991379|1545.0|154.5|1
279-5998-3424|5|202908260|209558296|4818.0|481.8|1
193-7207-2445|5|13315123|38692442|1800.0|180.0|2
193-7199-9363|7|203041337|209991379|1545.0|154.5|1
193-7204-5676|1|203329431|210728926|591.0|59.1|1
279-5967-3414|4|13317473|39101054|1364.0|136.4|1
193-7206-9298|1|203040894|209990930|2179.5|217.95|2
279-6000-0959|7|13317473|39101054|1364.0|136.4|1
451-2842-3463|2|203041482|209991536|818.0|81.8|1
107-8439-8612|1|203040894|209990930|2273.0|227.3|1
107-8439-8944|13|203041177|209991216|1727.0|172.7|1
21-9262-8100|2|203294572|210680174|5000.0|500.0|1
451-2849-3349|4|203266406|210598050|800.0|80.0|3
107-8425-7340|1|203040894|209990930|2273.0|227.3|1
193-7213-8323|2|203041177|209991216|1727.0|172.7|1
107-8432-7972|3|202981807|209788978|1364.0|136.4|1
451-2841-7304|7|203041482|209991536|818.0|81.8|1
451-2845-9048|2|203040894|209990930|2273.0|227.3|1
193-7214-1635|1|203040894|209990930|2273.0|227.3|1
451-2848-3545|2|203266413|210598057|409.0|40.9|1
107-8433-1571|1|203329457|210729006|2273.0|227.3|1
107-8430-8137|2|203040895|209990931|5455.0|545.5|1
451-2848-8059|1|203266406|210598050|800.0|80.0|3
193-7206-9627|2|203266405|210598049|800.0|80.0|1
451-2845-9213|4|203041479|209991533|818.0|81.8|1
451-2849-0601|6|203126440|210206957|727.0|72.7|1
451-2846-4405|2|203040894|209990930|2273.0|227.3|1
451-2841-7304|4|203040890|209990926|2273.0|227.3|1
279-5966-7350|1|201197262|204299750|11727.0|1172.7|1
193-7206-9627|5|203266402|210598046|800.0|80.0|1
193-7199-9363|4|203294534|210680113|1000.0|100.0|1
107-8430-3144|12|203329417|210728912|1091.0|109.1|1
193-7199-5368|1|203040894|209990930|2273.0|227.3|1
107-8430-3144|14|203266418|210598062|409.0|40.9|1
451-2845-9048|3|203041337|209991379|1545.0|154.5|1
279-5966-7615|2|203185558|210444516|5000.0|500.0|1
107-8440-0746|6|203041178|209991217|1091.0|109.1|1
365-4389-7634|1|203294572|210680173|5000.0|500.0|1
193-7207-1377|6|203040894|209990930|2211.0|221.1|1
451-2848-4958|6|203185600|210444558|2273.0|227.3|1
107-8439-8944|15|203041482|209991536|818.0|81.8|1
193-7214-1526|8|203266405|210598049|800.0|80.0|1
107-8440-2820|6|203041482|209991536|818.0|81.8|1
193-7204-5676|2|203040894|209990930|2273.0|227.3|1
451-2846-0215|3|13378930|39762233|11727.0|1172.7|1
107-8440-2820|2|203040895|209990931|5455.0|545.5|1
193-7207-7351|2|203041178|209991217|1091.0|109.1|1
451-2846-7565|6|203185600|210444558|2273.0|227.3|1
193-7207-1647|4|203041178|209991217|1053.0|105.3|1
451-2849-2482|1|203040894|209990930|2273.0|227.3|1
451-2849-3349|3|203266405|210598049|800.0|80.0|1
451-2848-9144|7|203266405|210598049|800.0|80.0|1
451-2847-1132|1|203040896|209990932|2273.0|227.3|1
21-9284-8215|1|14415842|40515186|14455.0|1445.5|1
279-5966-9809|1|13378953|39762245|11727.0|1172.7|1
21-9284-6135|1|13375058|39746888|11727.0|1172.7|1
193-7207-1377|4|203266403|210598047|778.0|77.8|1
21-9262-7916|3|203401131|210890155|2091.0|209.1|2
107-8432-5389|7|203266404|210598048|800.0|80.0|1
193-7199-7787|4|203041482|209991536|818.0|81.8|1
107-8440-1478|3|203041334|209991376|1545.0|154.5|1
193-7206-2224|3|203329425|210728920|591.0|59.1|1
193-7199-9363|8|203040894|209990930|2273.0|227.3|1
365-4443-4593|1|13314170|38690024|1000.0|100.0|2
193-7199-7787|3|203041178|209991217|1091.0|109.1|1
193-7207-1647|6|203285907|210657202|526.33|52.63|3
451-2849-3349|5|14422503|40533954|2273.0|227.3|1
107-8433-1164|5|203266406|210598050|800.0|80.0|2
21-9285-3326|1|13378224|39760839|11727.0|1172.7|1
107-8433-5288|4|203294592|210680212|3600.0|360.0|1
451-2848-9226|4|203266406|210598050|800.0|80.0|1
107-8430-3144|10|203329430|210728925|591.0|59.1|1
279-5966-7615|1|13375091|39746906|11727.0|1172.7|1
193-7207-7351|3|203266405|210598049|800.0|80.0|1
193-7199-7429|4|203041482|209991536|818.0|81.8|1
107-8430-8137|4|203041178|209991217|1091.0|109.1|1
107-8440-0746|7|203041623|209991677|4545.0|454.5|1
451-2848-4958|7|203185628|210444586|818.0|81.8|1
365-4445-7852|4|202156525|207309400|800.0|80.0|1
193-7199-5729|1|203041482|209991536|818.0|81.8|2
107-8439-8944|14|203041178|209991217|1091.0|109.1|1
193-7206-2884|6|203329419|210728914|1042.0|104.2|1
193-7206-9627|9|203041482|209991536|818.0|81.8|1
193-7206-9298|3|203041178|209991217|1046.0|104.6|1
107-8430-3793|1|203329419|210728914|1091.0|109.1|1
365-4411-7032|3|202768704|209242151|11273.0|1127.3|1
193-7207-0290|3|203185593|210444551|2119.0|211.9|1
451-2848-4958|1|203266395|210598039|1545.0|154.5|1
193-7206-9298|5|203185628|210444586|784.5|78.45|2
451-2849-1979|1|203266406|210598050|800.0|80.0|2
279-6000-0959|3|201172850|204166423|1364.0|136.4|1
451-2841-7304|9|13315123|38692442|1800.0|180.0|1
193-7203-9253|6|203041337|209991379|1545.0|154.5|1
107-8432-5389|5|203266395|210598039|1545.0|154.5|1
451-2841-6965|3|203040890|209990926|2139.0|213.9|1
365-4411-9841|4|13310415|38675082|2727.0|272.7|1
193-7206-9627|1|203266401|210598045|800.0|80.0|1
107-8430-3144|7|203193582|210467161|1818.0|181.8|1
107-8425-7916|3|203041178|209991217|990.0|99.0|1
21-9316-1793|2|13317531|39100944|1364.0|136.4|1
451-2849-3349|1|203040894|209990930|2273.0|227.3|1
193-7206-2224|8|203185593|210444551|2273.0|227.3|1
451-2846-4764|1|203040894|209990930|2273.0|227.3|1
279-5966-9482|1|13375115|39747122|11727.0|1172.7|1
193-7204-9886|3|203040896|209990932|2273.0|227.3|1
365-4411-9841|3|13317488|39101063|1364.0|136.4|1
193-7207-1647|3|203266405|210598049|772.0|77.2|1
193-7206-9298|2|203041337|209991379|1482.0|148.2|1
451-2847-1132|2|203041483|209991537|818.0|81.8|1
21-9284-6914|2|13375078|39746902|11727.0|1172.7|1
107-8432-7972|5|203266393|210598037|1545.0|154.5|1
451-2842-0126|3|203040896|209990932|2273.0|227.3|1
451-2841-9351|1|202974761|209772457|2273.0|227.3|1
193-7214-1758|4|203185600|210444558|2273.0|227.3|1
451-2849-2482|8|201423582|205018269|3182.0|318.2|1
21-9285-4252|1|201197262|204299750|11727.0|1172.7|1
193-7214-1758|1|203040894|209990930|2273.0|227.3|1
107-8425-7768|1|203040888|209990924|2273.0|227.3|1
451-2846-5927|1|203040894|209990930|2273.0|227.3|1
451-2841-9351|5|203041177|209991216|1727.0|172.7|1
451-2845-9048|19|203329419|210728914|1091.0|109.1|1
365-4411-9647|1|13379867|39766809|11727.0|1172.7|1
107-8433-1164|9|13317562|39100952|1364.0|136.4|1
107-8430-3144|5|203193599|210467178|818.0|81.8|1
451-2841-6899|1|203040894|209990930|2272.5|227.25|2
193-7199-9363|1|203294565|210680145|4500.0|450.0|1
193-7199-7429|3|203041178|209991217|1091.0|109.1|1
107-8440-0746|5|203041482|209991536|818.0|81.8|1
193-7206-2884|8|13317535|39100960|1302.0|130.2|1
107-8430-9948|2|203040890|209990926|2273.0|227.3|1
451-2847-1156|3|203275574|210625341|1091.0|109.1|1
107-8430-8006|1|203040894|209990930|2273.0|227.3|1
193-7214-1526|2|203185628|210444586|818.0|81.8|1
279-5998-3128|1|13314170|38690024|1000.0|100.0|1
193-7207-1647|1|203266406|210598050|771.6|77.16|5
193-7206-2884|4|203040894|209990930|2170.0|217.0|1
451-2841-6899|5|203041178|209991217|1091.0|109.1|1
365-4445-4776|2|13314170|38690024|1000.0|100.0|1
107-8432-5389|6|203266403|210598047|800.0|80.0|1
193-7204-8031|3|203041482|209991536|818.0|81.8|1
107-8430-3144|8|203329429|210728924|591.0|59.1|1
451-2848-7922|3|203040888|209990924|2273.0|227.3|1
451-2848-7922|2|203041479|209991533|818.0|81.8|1
365-4446-0296|3|13314170|38690024|1000.0|100.0|1
107-8432-2120|5|203294578|210680195|7273.0|727.3|1
107-8440-1756|2|203041178|209991217|1091.0|109.1|1
279-5944-6609|1|203294572|210680173|5000.0|500.0|1
279-5944-6609|3|203373749|210813435|772.5|77.25|2
107-8432-5389|9|203266402|210598046|800.0|80.0|1
365-4389-7338|1|203294572|210680173|5000.0|500.0|1
193-7206-9627|7|203040894|209990930|2273.0|227.3|1
193-7207-0068|1|203040888|209990924|2273.0|227.3|1
451-2845-9048|22|203329431|210728926|591.0|59.1|1
21-9285-4884|3|13378227|39760819|11727.0|1172.7|1
193-7214-1635|4|203041482|209991536|818.0|81.8|1
279-5944-6485|41|203294572|210680173|4773.0|477.3|1
107-8432-5389|3|203266405|210598049|800.0|80.0|1
107-8439-8944|16|203185628|210444586|818.0|81.8|1
451-2847-1156|2|203329414|210728909|1091.0|109.1|1
193-7204-8031|5|203329431|210728926|591.0|59.1|1
193-7214-1635|5|203041623|209991677|4545.0|454.5|1
107-8425-8581|1|202974761|209772457|2273.0|227.3|1
193-7214-1635|2|203041337|209991379|1545.0|154.5|1
193-7199-7429|1|203040894|209990930|2273.0|227.3|1
107-8439-8944|11|203040894|209990930|2273.0|227.3|1
193-7199-7429|2|203041337|209991379|1545.0|154.5|1
193-7206-9627|8|203041178|209991217|1091.0|109.1|1
193-7199-8516|1|203041482|209991536|818.0|81.8|1
451-2847-1156|4|203329421|210728916|1091.0|109.1|1
279-5967-3414|2|201197267|204299774|8091.0|809.1|1
451-2841-7304|5|203040894|209990930|2273.0|227.3|1
451-2841-9351|4|203040894|209990930|2273.0|227.3|1
365-4389-7282|3|203294572|210680173|4848.0|484.8|1
451-2848-9226|1|202156573|207309448|2273.0|227.3|1
451-2849-1348|1|203040894|209990930|2273.0|227.3|1
193-7207-7351|4|203266403|210598047|800.0|80.0|1
107-8433-1164|1|203266421|210598065|818.0|81.8|1
365-4445-4503|1|13314170|38690024|1000.0|100.0|1
193-7199-9363|3|203294625|210680245|2000.0|200.0|1
107-8431-0799|1|203040894|209990930|2273.0|227.3|1
279-5944-7623|12|203294572|210680174|5000.0|500.0|1
279-5998-3424|3|13314170|38690024|1000.0|100.0|2
193-7207-2445|4|203040894|209990930|2273.0|227.3|1
451-2848-4958|2|203266405|210598049|800.0|80.0|1
193-7206-2224|5|203041337|209991379|1545.0|154.5|1
451-2848-4337|4|203185628|210444586|818.0|81.8|1
193-7214-1526|6|203185642|210444600|1727.0|172.7|1
107-8432-7972|4|203040890|209990926|2273.0|227.3|1
451-2841-6965|1|203041173|209991212|1625.0|162.5|1
451-2848-4337|6|203266406|210598050|800.0|80.0|5
279-6000-0258|5|202294009|207872172|1273.0|127.3|1
107-8440-2820|3|203041337|209991379|1545.0|154.5|1
451-2848-9226|2|203266395|210598039|1545.0|154.5|1
451-2849-1348|2|203041482|209991536|818.0|81.8|1
279-5966-7615|3|201705531|205897986|455.0|45.5|1
451-2848-9226|3|203040894|209990930|2273.0|227.3|1
451-2849-0601|2|203041177|209991216|1727.0|172.7|1
193-7199-8383|4|203294557|210680136|3442.0|344.2|1
193-7207-1377|7|203041337|209991379|1504.0|150.4|1
193-7213-9177|3|203041178|209991217|1091.0|109.1|1
193-7206-2224|2|203329431|210728926|591.0|59.1|1
107-8425-7768|2|203041479|209991533|818.0|81.8|1
451-2845-9213|1|203040888|209990924|2273.0|227.3|1
365-4443-4035|1|13385319|39792189|2000.0|200.0|1
107-8430-3144|15|203040894|209990930|2273.0|227.3|1
107-8440-0746|8|203041337|209991379|1545.0|154.5|1
451-2846-4405|1|203041178|209991217|1091.0|109.1|1
107-8433-5288|5|203266405|210598049|800.0|80.0|1
193-7207-1377|3|203266405|210598049|778.0|77.8|1
451-2848-9144|6|203185628|210444586|818.0|81.8|1
451-2841-8272|3|203041171|209991210|1727.0|172.7|1
107-8430-3793|2|203040894|209990930|2273.0|227.3|1
451-2856-1910|1|203041177|209991216|1727.0|172.7|1
193-7207-1377|1|203266406|210598050|778.33|77.83|12
451-2841-7419|5|203041480|209991534|818.0|81.8|1
193-7199-7429|5|203040895|209990931|5455.0|545.5|1
193-7213-8323|3|203041178|209991217|1091.0|109.1|1
193-7213-9177|2|203041337|209991379|1545.0|154.5|1
451-2842-3463|3|203041623|209991677|4545.0|454.5|1
451-2848-8059|5|201554878|205422220|582.0|58.2|1
451-2849-2482|2|203266395|210598039|1545.0|154.5|1
107-8440-1330|1|203041482|209991536|818.0|81.8|1
107-8432-9921|1|203040894|209990930|2273.0|227.3|1
107-8432-5389|1|203040894|209990930|2273.0|227.3|1
451-2845-9048|5|203041482|209991536|818.0|81.8|1
21-9285-3537|1|13375036|39746678|11727.0|1172.7|1
193-7207-0068|2|203041171|209991210|1727.0|172.7|1
451-2848-8059|2|203266391|210598035|1545.0|154.5|1
451-2848-9144|3|203041177|209991216|1727.0|172.7|1
451-2848-4958|5|203040894|209990930|2273.0|227.3|1
107-8425-7916|1|203040894|209990930|2062.0|206.2|1
451-2846-6553|1|203040894|209990930|2223.0|222.3|1
193-7214-1526|5|203040894|209990930|2273.0|227.3|1
193-7199-8383|3|203040894|209990930|2173.0|217.3|1
451-2841-9351|7|203041482|209991536|818.0|81.8|1
279-5998-3424|1|13310803|38676096|9000.0|900.0|1
451-2848-4958|8|203294558|210680137|1000.0|100.0|1
451-2849-2482|7|203041178|209991217|1091.0|109.1|1
193-7207-0068|3|203041479|209991533|818.0|81.8|1
451-2841-8272|7|203040890|209990926|2273.0|227.3|1
451-2846-6553|5|203294625|210680245|1955.0|195.5|1
193-7213-9177|1|203040894|209990930|2273.0|227.3|1
451-2848-4958|3|203266406|210598050|800.0|80.0|3
21-9316-1793|5|14427984|40548074|1209.0|120.9|1
193-7206-2884|10|203266401|210598045|764.0|76.4|1
107-8425-8581|2|203040894|209990930|2273.0|227.3|1
107-8440-1756|1|203040894|209990930|2273.0|227.3|1
107-8432-4853|11|203041171|209991210|1727.0|172.7|1
451-2841-7575|1|203040894|209990930|2273.0|227.3|1
193-7199-5368|3|203041337|209991379|1545.0|154.5|1
107-8432-4853|13|203266401|210598045|800.0|80.0|1
193-7199-5368|6|203041482|209991536|818.0|81.8|1
107-8426-0366|3|203041178|209991217|990.0|99.0|1
279-5998-3424|4|201858082|206350645|5000.0|500.0|1
193-7207-2445|2|203266406|210598050|800.0|80.0|5
451-2841-8272|8|203040891|209990927|5455.0|545.5|1
451-2848-9136|1|203185635|210444593|1727.0|172.7|1
107-8430-3144|9|203329431|210728926|591.0|59.1|1
193-7203-9253|4|203266418|210598062|409.0|40.9|1
107-8440-2820|5|203041178|209991217|1091.0|109.1|1
107-8440-2820|7|203041623|209991677|4545.0|454.5|1
21-9284-6914|1|203266398|210598042|2273.0|227.3|1
279-5966-8379|2|201197262|204299753|11727.0|1172.7|1
193-7214-1526|4|203041178|209991217|1091.0|109.1|1
279-5944-6485|40|203294571|210680169|4773.0|477.3|1
451-2842-3463|4|203041337|209991379|1545.0|154.5|1
107-8426-0366|1|203040894|209990930|2062.0|206.2|1
21-9316-1793|4|202784962|209296652|2273.0|227.3|1
193-7206-2884|7|13377982|39759864|1302.0|130.2|1
193-7199-5368|2|203040895|209990931|5455.0|545.5|1
193-7206-9627|6|203266404|210598048|800.0|80.0|1
451-2849-3349|2|203266395|210598039|1545.0|154.5|1
451-2849-1979|2|203040894|209990930|2273.0|227.3|1
365-4445-7852|1|203099808|210127326|727.0|72.7|1
365-4446-0296|1|202294009|207872172|1273.0|127.3|1
451-2841-7419|7|202974758|209772454|2273.0|227.3|1
107-8430-3144|6|203193555|210467134|900.0|90.0|1
279-5966-8098|6|13375042|39746681|11727.0|1172.7|1
193-7206-2224|7|203041482|209991536|818.0|81.8|1
107-8434-6365|2|203329448|210728986|4545.0|454.5|1
451-2848-4337|1|203040894|209990930|2273.0|227.3|1
451-2841-8272|9|203041174|209991213|1091.0|109.1|1
451-2842-0126|5|203292628|210673297|3636.0|363.6|1
107-8440-1756|3|203185628|210444586|818.0|81.8|1
451-2850-8969|7|203040894|209990930|2273.0|227.3|1
107-8436-2193|2|203185628|210444586|818.0|81.8|1
451-2850-8969|2|203193555|210467134|900.0|90.0|1
451-2851-9469|3|203041337|209991379|1545.0|154.5|1
107-8435-5893|1|203041482|209991536|818.0|81.8|1
107-8436-2193|9|203041482|209991536|818.0|81.8|1
451-2851-4494|1|203040894|209990930|2273.0|227.3|1
451-2851-1781|8|203041482|209991536|818.0|81.8|1
107-8435-4618|1|203329439|210728950|7000.0|700.0|1
107-8435-1189|8|203266406|210598050|800.0|80.0|2
451-2850-6744|4|203040894|209990930|2273.0|227.3|1
193-7209-2064|2|203040894|209990930|2273.0|227.3|1
451-2851-9469|5|203041178|209991217|1091.0|109.1|1
451-2851-9684|3|203041178|209991217|1091.0|109.1|1
107-8436-2193|4|203294534|210680113|1000.0|100.0|1
451-2850-6744|5|203185642|210444600|1727.0|172.7|1
451-2850-8615|2|203040888|209990924|2273.0|227.3|1
107-8435-5231|1|203041482|209991536|818.0|81.8|1
107-8435-5893|3|203041337|209991379|1545.0|154.5|1
451-2851-6886|8|13374677|39745082|11727.0|1172.7|1
451-2851-6969|1|203040888|209990924|2273.0|227.3|1
107-8435-3000|2|203041334|209991376|1545.0|154.5|1
451-2851-1781|9|13375115|39747122|11727.0|1172.7|1
107-8436-2193|5|203040894|209990930|2273.0|227.3|1
451-2850-6744|2|203266406|210598050|800.0|80.0|3
107-8435-1189|3|203041482|209991536|818.0|81.8|1
451-2851-9684|5|13315123|38692442|1800.0|180.0|1
107-8435-2557|2|13389767|40307434|4800.0|480.0|1
451-2850-8969|1|203193556|210467135|1545.0|154.5|1
451-2851-3689|1|203040890|209990926|2273.0|227.3|1
451-2851-9684|4|203041482|209991536|818.0|81.8|1
107-8435-5893|2|203040894|209990930|2273.0|227.3|1
107-8435-2557|3|203185587|210444545|1300.0|130.0|1
107-8435-1189|2|203040894|209990930|2273.0|227.3|1
451-2850-8969|3|203193554|210467133|900.0|90.0|1
451-2851-1491|2|203040894|209990930|2273.0|227.3|1
107-8437-2385|2|203040894|209990930|2273.0|227.3|1
107-8435-4618|2|203102840|210134248|7000.0|700.0|1
451-2851-1085|1|203040894|209990930|2273.0|227.3|1
451-2851-6886|9|13375149|39747328|11727.0|1172.7|1
107-8435-2557|4|203266406|210598050|800.0|80.0|1
107-8435-3277|3|203040890|209990926|2273.0|227.3|1
107-8435-1189|4|203041178|209991217|1091.0|109.1|1
451-2851-9469|1|203040894|209990930|2273.0|227.3|1
451-2851-1781|7|203040894|209990930|2273.0|227.3|1
451-2851-3248|3|203041623|209991677|4545.0|454.5|1
193-7209-2064|4|201108952|203928737|2727.0|272.7|1
451-2851-9684|2|203040894|209990930|2273.0|227.3|1
451-2851-9684|7|203266405|210598049|800.0|80.0|1
107-8435-5231|2|203040894|209990930|2273.0|227.3|1
451-2850-6744|3|203185628|210444586|818.0|81.8|1
107-8436-2193|1|203266405|210598049|800.0|80.0|1
451-2851-9684|6|203081572|210081161|1000.0|100.0|1
451-2851-1491|3|203185642|210444600|1727.0|172.7|1
451-2851-3248|1|203266405|210598049|800.0|80.0|1
451-2851-4494|2|203041177|209991216|1727.0|172.7|1
451-2850-6744|1|203266405|210598049|800.0|80.0|1
451-2851-9469|2|203041177|209991216|1727.0|172.7|1
451-2851-3689|3|203185627|210444585|818.0|81.8|1
193-7209-8435|1|203040894|209990930|2273.0|227.3|1
451-2850-8969|5|202981807|209788978|1364.0|136.4|1
451-2851-9469|4|203041482|209991536|818.0|81.8|1
107-8435-3277|4|203285907|210657202|545.33|54.53|3
107-8435-3277|1|203266406|210598050|800.0|80.0|3
107-8436-2193|8|203041178|209991217|1091.0|109.1|2
107-8437-2385|1|203329447|210728982|8000.0|800.0|1
107-8435-2557|9|203040894|209990930|2273.0|227.3|1
451-2851-9684|1|13317473|39101054|1364.0|136.4|1
193-7209-2064|3|203285907|210657202|545.0|54.5|1
107-8435-1189|1|203185642|210444600|1727.0|172.7|1
193-7209-8435|2|203041337|209991379|1545.0|154.5|1
451-2851-3248|2|203040894|209990930|2273.0|227.3|1
451-2851-6886|6|203040894|209990930|2273.0|227.3|1
193-7209-2064|1|13330971|39159268|1000.0|100.0|1
451-2850-8969|6|203266406|210598050|800.0|80.0|2
107-8435-1189|6|203266405|210598049|800.0|80.0|1
107-8435-3000|1|203040888|209990924|2273.0|227.3|1
193-7209-2501|1|203040894|209990930|2273.0|227.3|1
107-8436-2193|7|203041177|209991216|1727.0|172.7|1
107-8435-4618|5|203102845|210134273|7000.0|700.0|1
451-2850-8615|1|13375078|39746858|11727.0|1172.7|1
451-2851-4494|3|202974761|209772457|2273.0|227.3|1
193-7209-2501|2|202906329|209553274|3545.0|354.5|1
107-8436-2193|6|203041337|209991379|1545.0|154.5|1
107-8435-4618|3|203329448|210728985|5000.0|500.0|1
451-2850-8969|4|203193572|210467151|1727.0|172.7|1
107-8435-1189|5|203185628|210444586|818.0|81.8|1
107-8436-2193|3|203294558|210680137|1000.0|100.0|1
451-2851-3689|2|203040894|209990930|2273.0|227.3|1
107-8434-8549|2|203266406|210598050|800.0|80.0|1
107-8434-8549|1|203040894|209990930|2273.0|227.3|1
451-2850-6744|6|203041178|209991217|1091.0|109.1|1
107-8438-9491|3|203041177|209991216|1727.0|172.7|1
193-7213-4849|1|203040888|209990924|2273.0|227.3|1
451-2854-7197|1|203041337|209991379|1545.33|154.53|3
451-2839-8016|1|203040894|209990930|2272.67|227.27|3
193-7212-3415|3|203041178|209991217|1091.0|109.1|1
451-2853-7013|5|203041623|209991677|4545.0|454.5|1
451-2840-1144|4|203294535|210680114|1000.0|100.0|1
451-2840-1144|5|203294593|210680213|3600.0|360.0|1
193-7212-2293|3|203040894|209990930|2273.0|227.3|1
107-8423-7725|2|203040894|209990930|2273.0|227.3|1
193-7198-0360|4|203041177|209991216|1727.0|172.7|1
107-8438-0093|3|203040888|209990924|2273.0|227.3|1
193-7213-6713|1|203040894|209990930|2273.0|227.3|1
279-6006-1387|2|203406530|210909529|1000.0|100.0|1
279-6006-1441|3|13310607|38675350|3182.0|318.2|1
451-2854-5782|2|203041482|209991536|818.0|81.8|1
193-7198-7407|7|203041620|209991674|4545.0|454.5|1
193-7212-1819|4|203041337|209991379|1545.5|154.55|2
279-6006-1554|1|202927883|209608975|818.0|81.8|1
193-7197-4977|5|203040894|209990930|2273.0|227.3|1
193-7212-5298|7|203185628|210444586|818.0|81.8|1
107-8437-8915|4|203040888|209990924|2273.0|227.3|1
279-6006-2369|2|203081600|210081189|1727.0|172.7|1
193-7198-0885|1|203041623|209991677|4545.0|454.5|1
451-2839-8016|2|203041337|209991379|1545.5|154.55|2
107-8439-1418|1|203040888|209990924|2273.0|227.3|1
193-7212-1819|5|203041178|209991217|1091.0|109.1|1
21-9324-1624|5|202156574|207309449|2273.0|227.3|1
193-7198-2982|4|203041337|209991379|1545.5|154.55|2
107-8438-4857|1|203040894|209990930|2273.0|227.3|1
107-8438-2896|1|203041171|209991210|1727.0|172.7|1
21-9324-1203|2|202156568|207309443|2273.0|227.3|1
193-7198-7407|8|203041335|209991377|1545.0|154.5|1
107-8424-6144|3|200371976|201206865|477.0|47.7|1
193-7212-5298|1|203040894|209990930|2273.0|227.3|1
107-8438-9491|6|202974761|209772457|2273.0|227.3|1
451-2841-0660|4|203041482|209991536|818.0|81.8|1
193-7197-8426|4|203040894|209990930|2273.0|227.3|1
193-7197-8426|3|203041178|209991217|1091.0|109.1|1
193-7212-3415|2|203041337|209991379|1545.0|154.5|1
451-2854-5235|1|203040894|209990930|2273.0|227.3|1
451-2839-6813|6|203041482|209991536|818.0|81.8|1
279-6006-3599|2|13317562|39100952|1364.0|136.4|1
107-8424-6144|4|200372627|201208763|545.0|54.5|1
451-2854-2869|3|203040894|209990930|2273.0|227.3|1
451-2841-0660|2|203041337|209991379|1545.0|154.5|1
193-7197-8264|2|203294551|210680130|800.0|80.0|1
107-8438-2533|4|203266405|210598049|800.0|80.0|1
193-7197-8264|1|203040894|209990930|2273.0|227.3|1
193-7198-7407|4|203041171|209991210|1727.0|172.7|1
451-2839-9874|6|203041479|209991533|818.14|81.81|7
193-7197-4977|6|203041337|209991379|1545.0|154.5|1
107-8424-0919|2|203185563|210444521|600.0|60.0|1
107-8438-0093|4|203041620|209991674|4545.0|454.5|1
193-7212-4578|2|203040894|209990930|2273.0|227.3|1
365-4450-4226|1|13314170|38690024|1000.0|100.0|1
107-8424-9535|2|203040894|209990930|2187.0|218.7|1
193-7212-1889|4|203185627|210444585|818.0|81.8|1
365-4450-4226|3|202974651|209772347|4500.0|450.0|1
193-7198-7407|1|203040888|209990924|2272.67|227.27|3
107-8439-7727|4|203285928|210657227|1000.0|100.0|1
193-7197-6136|2|203041337|209991379|1545.0|154.5|1
451-2854-4882|5|203041482|209991536|818.0|81.8|1
279-6006-0959|9|203185558|210444516|5000.0|500.0|1
107-8424-2242|4|203294557|210680136|3600.0|360.0|1
107-8437-8915|5|203041171|209991210|1727.0|172.7|1
451-2839-7353|6|203041480|209991534|818.0|81.8|1
193-7198-0885|4|203041621|209991675|4545.0|454.5|1
451-2841-0660|3|203041178|209991217|1091.0|109.1|1
107-8424-6144|5|203040894|209990930|2273.0|227.3|1
279-6006-3397|2|13336133|39179345|909.0|90.9|1
107-8423-5678|3|203294560|210680139|1000.0|100.0|1
107-8437-8937|1|203040888|209990924|2015.0|201.5|1
279-6006-0959|4|203266400|210598044|2273.0|227.3|1
451-2855-6868|5|203041178|209991217|1091.0|109.1|1
279-6005-5626|3|202156574|207309449|2273.0|227.3|1
107-8437-4064|3|203040894|209990930|2273.0|227.3|1
279-6006-3397|3|202156579|207309454|2273.0|227.3|1
451-2839-7353|4|203041173|209991212|1727.0|172.7|1
365-4450-8832|1|200408920|201282848|11727.0|1172.7|1
193-7198-7407|6|203041479|209991533|818.33|81.83|3
107-8424-9535|4|203041337|209991379|1487.0|148.7|1
193-7197-7586|7|203040888|209990924|2273.0|227.3|1
451-2854-2720|1|203040894|209990930|2273.0|227.3|1
451-2839-7353|3|203041335|209991377|1545.0|154.5|1
193-7212-7812|3|203266405|210598049|753.0|75.3|1
107-8423-7725|3|203041337|209991379|1545.0|154.5|1
193-7211-4823|1|203329459|210729008|2273.0|227.3|1
107-8439-7727|1|203040894|209990930|2273.0|227.3|1
451-2854-3152|4|203185590|210444548|2273.0|227.3|1
193-7212-3415|4|203040894|209990930|2273.0|227.3|1
107-8437-7490|1|203040890|209990926|2273.0|227.3|1
193-7198-0885|3|203041482|209991536|818.0|81.8|1
107-8438-8533|3|203040894|209990930|2273.0|227.3|1
107-8423-5678|8|203041482|209991536|818.0|81.8|1
451-2841-0660|5|203294566|210680150|4500.0|450.0|1
193-7197-8039|5|203040895|209990931|5455.0|545.5|1
193-7212-0351|3|203041172|209991211|1091.0|109.1|1
107-8438-8533|2|203041482|209991536|818.0|81.8|1
107-8438-9491|4|203041178|209991217|1091.0|109.1|1
21-9323-9764|1|202797151|209329512|2545.0|254.5|1
193-7212-4265|8|203099748|210127266|727.0|72.7|1
193-7197-7141|4|203040894|209990930|2273.0|227.3|1
193-7212-4265|3|203040888|209990924|2273.0|227.3|1
451-2854-4882|6|202156524|207309399|800.0|80.0|1
107-8438-2533|8|203081600|210081189|1727.0|172.7|1
365-4451-1203|5|201607574|205595065|5500.0|550.0|1
451-2839-7353|7|203041621|209991675|4545.0|454.5|1
193-7197-7586|5|203041335|209991377|1545.0|154.5|1
451-2841-0660|9|203294565|210680146|4500.0|450.0|1
451-2854-2989|4|203040894|209990930|2273.0|227.3|1
451-2839-9874|4|203041171|209991210|1727.0|172.7|1
107-8438-4647|3|203193555|210467134|797.0|79.7|1
193-7212-3730|6|203041177|209991216|1727.0|172.7|1
451-2839-5527|4|203040890|209990926|2273.0|227.3|1
451-2854-4882|1|13317473|39101054|1364.0|136.4|1
107-8437-8937|2|203041171|209991210|1531.0|153.1|1
193-7197-6136|3|203294566|210680151|4500.0|450.0|1
193-7212-7812|2|203081554|210081143|3251.0|325.1|1
107-8438-3139|4|203041337|209991379|1545.0|154.5|1
107-8438-3139|2|203040894|209990930|2273.0|227.3|1
451-2853-7561|1|203040894|209990930|2273.0|227.3|1
193-7212-2293|1|203041177|209991216|1727.0|172.7|1
21-9324-3887|2|203185567|210444525|1727.0|172.7|1
451-2840-1144|7|203292628|210673297|3636.0|363.6|1
193-7197-8798|1|203041337|209991379|1545.0|154.5|1
193-7198-2982|5|203041177|209991216|1727.0|172.7|1
107-8424-9535|1|203294566|210680151|4333.0|433.3|1
107-8424-2242|3|203041177|209991216|1727.0|172.7|1
193-7197-6551|3|203040888|209990924|2273.0|227.3|1
365-4450-7931|2|14421373|40531804|2179.0|217.9|1
193-7197-6136|6|202508660|208519324|2000.0|200.0|1
451-2839-8016|3|203041480|209991534|818.0|81.8|1
451-2854-4987|3|203040894|209990930|2273.0|227.3|1
193-7197-8039|3|203041482|209991536|818.0|81.8|1
107-8438-4647|1|203040894|209990930|2015.0|201.5|1
193-7213-4849|2|203099794|210127312|727.0|72.7|1
193-7197-8756|1|203041337|209991379|1545.0|154.5|1
365-4451-1218|1|202156576|207309451|2273.0|227.3|1
451-2841-0660|8|203294625|210680245|2000.0|200.0|1
107-8438-3139|8|203041177|209991216|1727.0|172.7|1
451-2854-4882|8|13379833|39766715|1500.0|150.0|1
451-2841-0660|7|203294534|210680113|1000.0|100.0|1
193-7197-4977|1|203294551|210680130|800.0|80.0|1
193-7212-2442|1|203040894|209990930|2273.0|227.3|1
193-7197-8039|1|203040894|209990930|2273.0|227.3|1
451-2854-7197|4|203040894|209990930|2272.5|227.25|2
107-8438-2533|2|203040894|209990930|2273.0|227.3|1
193-7212-4208|1|203040894|209990930|2273.0|227.3|1
451-2839-6813|7|203041337|209991379|1545.0|154.5|1
451-2839-6813|5|203041178|209991217|1091.0|109.1|1
193-7212-9387|2|203040894|209990930|2273.0|227.3|1
451-2854-4882|4|203040894|209990930|2273.0|227.3|1
107-8438-9491|2|203041337|209991379|1545.0|154.5|1
279-6006-3599|3|13314170|38690024|1000.0|100.0|2
365-4450-9958|1|203263442|210588228|13091.0|1309.1|1
107-8423-8873|2|203041337|209991379|1545.0|154.5|1
107-8424-2242|1|203041482|209991536|818.0|81.8|1
193-7197-7141|2|203041482|209991536|818.0|81.8|1
107-8424-6144|6|203041178|209991217|1091.0|109.1|1
451-2854-1936|4|203193581|210467160|1934.0|193.4|1
451-2854-2720|2|203185600|210444558|2273.0|227.3|1
193-7197-4977|7|203041178|209991217|1091.0|109.1|1
107-8437-7490|3|203041174|209991213|1091.0|109.1|1
451-2839-5527|1|203040896|209990932|2273.0|227.3|1
193-7197-8798|3|203040894|209990930|2273.0|227.3|1
107-8438-3139|11|202769131|209244244|1000.0|100.0|1
107-8438-2533|6|203041482|209991536|818.0|81.8|1
193-7197-8426|1|203294558|210680137|1000.0|100.0|1
193-7211-9500|1|203040894|209990930|2273.0|227.3|1
451-2854-2720|3|201423963|205020138|3182.0|318.2|1
21-9324-2382|1|13370229|39727102|2545.0|254.5|1
107-8438-3139|5|202156578|207309453|2273.0|227.3|1
279-6006-3397|1|13344983|39517915|2273.0|227.3|1
193-7197-6184|1|203040894|209990930|2273.0|227.3|1
451-2854-4614|2|203041178|209991217|944.0|94.4|1
193-7212-1867|8|203041177|209991216|1727.0|172.7|1
451-2855-6868|3|203185600|210444558|2273.0|227.3|1
451-2839-7353|1|203040890|209990926|2273.0|227.3|1
107-8423-5678|6|203040894|209990930|2273.0|227.3|1
107-8423-8873|1|203040894|209990930|2273.0|227.3|1
107-8438-0093|1|203041172|209991211|1091.0|109.1|1
107-8438-7096|5|203266405|210598049|800.0|80.0|1
451-2839-7088|1|203040890|209990926|2273.0|227.3|1
451-2854-5782|1|203040894|209990930|2273.0|227.3|1
107-8424-9535|5|203294613|210680233|2887.0|288.7|1
193-7197-8264|3|14420682|40529228|364.0|36.4|1
107-8438-5564|2|203041177|209991216|1727.0|172.7|1
193-7212-1889|1|203266405|210598049|800.0|80.0|1
451-2841-0660|6|203294558|210680137|1000.0|100.0|1
451-2840-1144|1|203040894|209990930|2273.0|227.3|1
451-2854-3152|3|203185642|210444600|1727.0|172.7|1
451-2839-9874|3|203041334|209991376|1545.0|154.5|1
365-4450-7931|3|13310457|38675128|515.0|51.5|1
451-2854-3152|2|203040894|209990930|2273.0|227.3|1
365-4451-1385|1|13379836|39766721|7182.0|718.2|1
451-2839-5183|3|203041337|209991379|1362.0|136.2|1
279-6006-3603|1|203066157|210043459|5000.0|500.0|1
279-6006-2675|1|202797151|209329512|2545.0|254.5|1
193-7198-0360|1|203040894|209990930|2273.0|227.3|1
365-4437-4524|1|13380545|39768883|727.0|72.7|1
107-8438-2533|3|202156531|207309406|800.0|80.0|1
193-7198-7407|2|203040889|209990925|5455.0|545.5|1
193-7212-1819|12|203193599|210467178|818.0|81.8|1
193-7212-1889|5|201554905|205422247|582.0|58.2|1
451-2854-1574|1|203040888|209990924|2273.0|227.3|1
107-8423-5678|5|203193599|210467178|818.0|81.8|1
451-2854-2720|4|203041177|209991216|1727.0|172.7|1
451-2854-7197|2|203041178|209991217|1091.0|109.1|2
107-8437-8915|6|203041479|209991533|818.0|81.8|1
279-6006-0959|12|203406530|210909529|1000.0|100.0|1
193-7197-6184|4|203041178|209991217|1091.0|109.1|1
365-4437-4524|10|13311029|38676997|345.0|34.5|1
107-8438-0093|2|203041171|209991210|1727.0|172.7|1
193-7212-5298|8|203099798|210127316|727.0|72.7|1
193-7197-4977|3|203294534|210680113|1000.0|100.0|1
451-2840-8675|5|203040894|209990930|2273.0|227.3|1
107-8438-3499|1|203040888|209990924|2273.0|227.3|1
21-9324-3887|1|203076537|210071442|1273.0|127.3|1
107-8423-8298|1|203040888|209990924|2273.0|227.3|1
107-8424-9535|3|203041482|209991536|787.0|78.7|1
193-7197-8039|4|203041178|209991217|1091.0|109.1|1
193-7197-4375|1|203040888|209990924|2273.0|227.3|1
451-2854-1936|7|203329435|210728933|6768.0|676.8|1
451-2839-7353|2|203040891|209990927|5455.0|545.5|1
193-7212-1819|1|203041172|209991211|1091.0|109.1|1
107-8438-3139|10|203185600|210444558|2273.0|227.3|1
279-6006-1441|2|13310606|38675308|2636.0|263.6|1
193-7197-8798|2|203041178|209991217|1091.0|109.1|1
107-8438-4647|2|203185628|210444586|725.0|72.5|1
193-7212-5298|6|203185621|210444579|818.0|81.8|1
193-7212-1889|2|203040888|209990924|2273.0|227.3|1
279-6006-1554|4|203081574|210081163|3455.0|345.5|1
451-2854-4882|3|13317535|39100960|1364.0|136.4|1
451-2853-7561|2|203041482|209991536|818.0|81.8|1
193-7212-2293|2|203041178|209991217|1091.0|109.1|1
193-7198-0885|8|203041480|209991534|818.0|81.8|1
365-4437-4524|4|203185559|210444517|5000.0|500.0|1
451-2854-3152|1|203041337|209991379|1545.0|154.5|1
193-7198-2982|2|203294613|210680233|3000.0|300.0|1
365-4437-4524|5|203185558|210444516|5000.0|500.0|1
193-7197-8756|2|203040894|209990930|2273.0|227.3|1
193-7198-0885|5|203040895|209990931|5455.0|545.5|1
193-7212-4578|4|203041177|209991216|1727.0|172.7|1
451-2840-1144|3|203294534|210680113|1000.0|100.0|2
107-8438-3398|1|203329457|210729006|2273.0|227.3|1
279-6006-1387|3|201203194|204324349|10400.0|1040.0|1
193-7212-1819|7|203294560|210680139|1000.0|100.0|1
365-4437-4524|14|13314170|38690024|1000.0|100.0|2
451-2854-4987|4|203041482|209991536|818.0|81.8|1
107-8423-8873|3|203041482|209991536|818.0|81.8|1
193-7212-0351|4|203041178|209991217|1091.0|109.1|1
193-7212-7812|4|203040894|209990930|2139.0|213.9|1
451-2855-6868|1|203185628|210444586|818.0|81.8|1
451-2855-6868|4|203329448|210728985|5000.0|500.0|1
193-7197-7141|1|203041178|209991217|1091.0|109.1|1
107-8424-2242|2|203040894|209990930|2273.0|227.3|1
193-7197-8039|2|203041337|209991379|1545.0|154.5|1
107-8438-7096|1|203185628|210444586|818.0|81.8|1
107-8438-7096|3|203040894|209990930|2273.0|227.3|1
193-7212-4578|7|202974761|209772457|2273.0|227.3|1
107-8424-6144|1|201205495|204336717|2909.0|290.9|1
193-7212-1889|3|203040894|209990930|2273.0|227.3|1
193-7212-3730|5|203041482|209991536|818.0|81.8|1
365-4451-1385|2|202156567|207309442|2272.67|227.27|3
107-8438-3139|9|203041482|209991536|818.0|81.8|1
451-2854-7197|3|203041177|209991216|1727.0|172.7|1
193-7197-6184|3|203294613|210680233|3000.0|300.0|1
365-4437-3875|8|13314170|38690024|1000.0|100.0|2
451-2854-2989|2|202908252|209558288|1545.0|154.5|1
107-8439-6155|1|203040894|209990930|2273.0|227.3|1
193-7198-0885|2|203040894|209990930|2273.0|227.3|1
193-7198-0360|2|203041337|209991379|1545.0|154.5|1
451-2855-6868|2|203041482|209991536|818.0|81.8|1
107-8438-2896|3|203040888|209990924|2273.0|227.3|1
193-7212-1819|11|203193555|210467134|900.0|90.0|1
451-2839-7353|5|203041174|209991213|1091.0|109.1|1
365-4450-7931|4|14420686|40529217|392.0|39.2|1
193-7197-6136|1|203040894|209990930|2273.0|227.3|1
193-7197-7586|6|203041479|209991533|818.0|81.8|1
451-2839-5183|2|203040894|209990930|2002.0|200.2|1
451-2854-2989|1|202908249|209558285|2273.0|227.3|1
451-2854-2869|5|203040890|209990926|2273.0|227.3|1
107-8437-7490|5|203041479|209991533|818.0|81.8|1
365-4437-3875|9|13372551|39737546|364.0|36.4|1
107-8423-7735|3|203040890|209990926|2273.0|227.3|1
451-2854-2989|3|203185628|210444586|818.0|81.8|1
21-9324-1203|3|202156563|207309438|2273.0|227.3|1
279-6005-5626|2|202974663|209772359|1700.0|170.0|1
365-4414-7451|1|203373751|210813437|3000.0|300.0|1
365-4451-1203|11|202462827|208363981|1300.0|130.0|1
107-8423-8873|4|202991122|209815412|1182.0|118.2|1
193-7212-4578|6|203041482|209991536|818.0|81.8|1
193-7212-5298|3|203041337|209991379|1545.0|154.5|1
193-7212-7812|1|202991122|209815412|1112.0|111.2|1
279-6005-9237|2|202750982|209195273|6364.0|636.4|1
451-2839-6813|4|203040894|209990930|2273.0|227.3|1
107-8437-4064|4|203041337|209991379|1545.0|154.5|1
107-8439-7727|2|203041337|209991379|1545.0|154.5|1
193-7197-7586|2|203041172|209991211|1091.0|109.1|1
107-8437-7490|6|202991122|209815412|1182.0|118.2|2
107-8437-4064|2|203041178|209991217|1091.0|109.1|1
107-8439-7727|3|203266405|210598049|800.0|80.0|1
193-7212-5298|5|202991122|209815412|1182.0|118.2|2
451-2853-4217|1|203040888|209990924|2273.0|227.3|1
107-8423-5678|7|203041178|209991217|1091.0|109.1|1
107-8438-0140|2|203040896|209990932|2273.0|227.3|1
365-4451-1203|3|13314174|38690058|591.0|59.1|1
193-7212-4578|3|203041337|209991379|1545.0|154.5|1
279-6006-0959|8|203351681|210766152|1091.0|109.1|1
451-2853-7013|4|203041178|209991217|1091.0|109.1|1
193-7212-3730|9|203266421|210598065|818.0|81.8|1
451-2854-4614|1|203040894|209990930|1965.0|196.5|1
451-2853-7013|6|13317535|39100960|1364.0|136.4|1
451-2840-1144|2|203041178|209991217|1091.0|109.1|2
451-2839-5527|3|203040888|209990924|2273.0|227.3|1
365-4450-4226|2|202897822|209538729|1364.0|136.4|1
193-7212-0351|5|203266405|210598049|800.0|80.0|1
193-7212-9387|1|203040888|209990924|2273.0|227.3|1
107-8423-9955|2|203040888|209990924|2273.0|227.3|1
193-7197-7141|3|203041337|209991379|1545.0|154.5|1
193-7197-4977|9|203041177|209991216|1727.0|172.7|1
193-7212-1867|7|203041178|209991217|1091.0|109.1|1
451-2854-1234|1|203040894|209990930|2273.0|227.3|1
451-2854-5782|3|203266405|210598049|800.0|80.0|1
451-2853-7013|3|203040894|209990930|2273.0|227.3|1
107-8424-2024|1|203041174|209991213|1091.0|109.1|1
451-2854-1936|2|203040890|209990926|2197.0|219.7|1
193-7212-5298|2|203041482|209991536|818.0|81.8|1
365-4437-3875|7|13310798|38675988|9000.0|900.0|1
279-6006-3200|1|13310803|38676035|9000.0|900.0|1
107-8438-9491|1|203040894|209990930|2273.0|227.3|1
193-7197-6136|4|202927883|209608975|818.0|81.8|1
107-8424-6144|7|203081601|210081190|2000.0|200.0|1
279-6006-3599|1|13317496|39100946|1364.0|136.4|1
279-6005-5626|1|202974759|209772455|2273.0|227.3|1
107-8423-5678|4|203294558|210680137|1000.0|100.0|1
193-7197-8756|3|203041482|209991536|818.0|81.8|1
107-8438-9491|5|203041482|209991536|818.0|81.8|1
107-8438-1978|1|203040894|209990930|2273.0|227.3|1
365-4451-1203|1|203263436|210588206|13091.0|1309.1|1
193-7198-2982|3|203040894|209990930|2273.0|227.3|1
279-6006-3200|2|13372551|39737546|364.0|36.4|1
279-6006-0959|13|202294009|207872172|1273.0|127.3|1
193-7198-2982|7|203041482|209991536|818.0|81.8|2
107-8438-3139|7|201423963|205020133|3182.0|318.2|1
107-8437-7490|4|203041178|209991217|1091.0|109.1|1
279-6006-2675|2|14428417|40549359|2545.0|254.5|1
193-7212-3730|4|203040894|209990930|2273.0|227.3|1
193-7212-5048|1|203040894|209990930|2273.0|227.3|1
365-4450-6307|1|203263447|210588250|13091.0|1309.1|1
193-7197-6184|2|203294566|210680151|4500.0|450.0|1
193-7212-5048|2|202974761|209772457|2273.0|227.3|1
107-8438-3139|3|203266405|210598049|800.0|80.0|1
21-9324-1203|1|202156580|207309455|2273.0|227.3|1
193-7197-8426|2|202000520|206790589|1000.0|100.0|1
193-7213-5929|1|203040894|209990930|2273.0|227.3|1
451-2841-0660|1|203040894|209990930|2273.0|227.3|1
451-2839-5527|2|203040894|209990930|2273.0|227.3|1
193-7198-8689|1|203040894|209990930|2273.0|227.3|1
193-7212-0351|2|203040888|209990924|2273.0|227.3|1
451-2854-1936|3|203041334|209991376|1495.0|149.5|1
193-7198-7407|3|203041334|209991376|1545.43|154.54|7
193-7212-1819|3|203040894|209990930|2273.0|227.3|1
107-8424-0919|1|203040888|209990924|2273.0|227.3|1
107-8438-5564|1|203040894|209990930|2273.0|227.3|1
193-7212-1819|6|203294558|210680137|1000.0|100.0|1
107-8438-3139|6|202156531|207309406|800.0|80.0|1
451-2839-9874|1|203040888|209990924|2272.67|227.27|3
193-7212-5298|4|203266405|210598049|800.0|80.0|1
107-8437-7490|2|203041335|209991377|1545.0|154.5|1
21-9323-9764|2|202784963|209296653|2273.0|227.3|1
193-7212-4265|5|203040894|209990930|2273.0|227.3|1
279-6006-3277|1|13317472|39100902|1364.0|136.4|1
193-7211-9500|3|203041482|209991536|818.0|81.8|1
193-7197-7586|1|203041171|209991210|1727.0|172.7|1
107-8438-8533|4|203041178|209991217|1091.0|109.1|1
193-7212-3730|8|203294534|210680113|1000.0|100.0|1
193-7212-1867|5|203040894|209990930|2273.0|227.3|1
193-7197-7586|3|203041620|209991674|4545.0|454.5|1
21-9324-1624|1|202156530|207309405|800.0|80.0|1
193-7212-3730|7|203041337|209991379|1545.0|154.5|1
193-7197-6497|1|203040896|209990932|2273.0|227.3|1
193-7197-4977|8|203041482|209991536|818.0|81.8|1
193-7212-1819|8|203193613|210467192|2364.0|236.4|1
451-2854-2869|4|203040895|209990931|5455.0|545.5|1
451-2839-9874|5|203041172|209991211|1091.0|109.1|1
193-7212-5048|3|203266405|210598049|800.0|80.0|1
451-2854-1936|8|203193555|210467134|870.0|87.0|1
193-7197-6551|4|203278782|210637784|364.0|36.4|1
193-7198-7407|5|203041172|209991211|1091.0|109.1|1
193-7198-2982|1|203294566|210680149|4500.0|450.0|1
193-7198-2982|6|203041178|209991217|1091.0|109.1|2
193-7198-0360|3|203041178|209991217|1091.0|109.1|1
107-8438-2896|2|203041479|209991533|818.0|81.8|1
451-2853-4217|2|203041172|209991211|1091.0|109.1|1
107-8423-7735|2|203041172|209991211|1091.0|109.1|1
451-2854-4882|2|13317472|39100902|1364.0|136.4|1
451-2840-1144|6|203294592|210680212|3600.0|360.0|1
107-8424-2024|2|203040890|209990926|2273.0|227.3|1
451-2854-4882|7|202156531|207309406|800.0|80.0|1
193-7212-4578|5|203041178|209991217|1091.0|109.1|1
193-7197-6136|5|202927882|209608974|818.0|81.8|1
193-7212-3730|10|202908252|209558288|1545.0|154.5|1
107-8438-0140|1|203040894|209990930|2273.0|227.3|1
279-5956-1509|3|13379852|39766765|8091.0|809.1|1
21-9322-2099|6|203099798|210127316|727.0|72.7|1
279-6003-2316|1|203263446|210588246|12636.0|1263.6|1
279-5965-0091|2|14415842|40515184|14455.0|1445.5|1
21-9321-2223|1|201329539|204709494|1000.0|100.0|1
365-4448-3809|2|203401132|210890156|818.0|81.8|1
279-6003-5667|2|202995749|209823039|4800.0|480.0|1
451-2843-6189|3|203040894|209990930|2273.0|227.3|1
451-2843-8949|2|203040890|209990926|2273.0|227.3|1
365-4448-2983|2|202995720|209823010|5000.0|500.0|1
279-6003-3358|1|203175966|210411853|3636.0|363.6|1
193-7201-9306|1|203040894|209990930|2273.0|227.3|1
279-6003-1774|1|203294567|210680154|4500.0|450.0|1
279-6003-4315|5|14424627|40537996|396.0|39.6|1
365-4448-5990|2|202019640|206875177|2273.0|227.3|1
279-6003-3738|2|13372551|39737545|364.0|36.4|1
193-7201-7348|6|203040894|209990930|2273.0|227.3|1
279-6003-4850|1|203081600|210081189|1727.0|172.7|1
21-9321-2730|13|203263435|210588201|13091.0|1309.1|1
21-9323-1333|3|203185558|210444516|5000.0|500.0|1
451-2843-3547|4|203040894|209990930|2273.0|227.3|1
279-6004-8848|4|13317569|39100996|1364.0|136.4|1
365-4448-5948|2|202769106|209244219|2200.0|220.0|1
279-6003-4315|1|200419878|201322656|395.0|39.5|1
279-6003-9966|1|14421102|40530662|3545.0|354.5|1
279-5965-0091|1|201607579|205595070|5000.0|500.0|1
365-4448-3809|4|14402053|40354907|2500.0|250.0|1
365-4448-1516|1|202832143|209386856|3500.0|350.0|1
21-9321-1645|2|203205161|210504242|6364.0|636.4|1
451-2843-8949|7|203081572|210081161|1000.0|100.0|1
279-6003-4955|1|13391876|40317014|1364.0|136.4|1
193-7201-9306|2|203040890|209990926|2273.0|227.3|1
21-9283-7908|2|203369758|210806600|11727.0|1172.7|1
279-6003-4315|7|13390779|40310938|356.0|35.6|1
365-4448-3666|1|200375083|201215479|1364.0|136.4|1
21-9323-1333|2|200375083|201215479|1364.0|136.4|1
279-6004-0013|2|203081573|210081162|858.0|85.8|1
21-9321-2223|2|202156532|207309407|800.0|80.0|1
21-9322-0078|1|200419878|201322656|455.0|45.5|1
279-6003-4315|6|201735897|205993102|1568.0|156.8|1
365-4448-3966|2|202294009|207872172|1273.0|127.3|1
21-9323-0270|4|203263443|210588233|13091.0|1309.1|1
21-9321-2755|2|202156530|207309405|800.0|80.0|1
365-4450-0672|2|203263435|210588202|13091.0|1309.1|1
21-9323-0270|2|202974766|209772462|2273.0|227.3|1
365-4448-2895|2|200625181|202015220|1727.0|172.7|1
279-6003-4347|1|202974656|209772352|5000.0|500.0|1
365-4448-3966|1|203406530|210909529|1000.0|100.0|1
365-4450-3101|4|201607583|205595074|4200.0|420.0|1
279-6003-6252|1|200408920|201282849|11727.0|1172.7|1
365-4448-1735|3|13310451|38675132|9091.0|909.1|1
451-2843-6189|2|13317535|39100960|1364.0|136.4|1
451-2843-6189|6|202974758|209772454|2273.0|227.3|1
451-2843-6189|4|203041482|209991536|818.0|81.8|1
279-6004-8848|5|13317466|39101070|1364.0|136.4|1
21-9323-1200|1|13389758|40307403|15909.0|1590.9|1
365-4448-3039|5|202156524|207309399|800.0|80.0|1
279-6003-2913|2|203375505|210821368|2273.0|227.3|1
279-6003-4347|5|13392284|40318319|818.0|81.8|1
279-6003-3896|1|203263436|210588206|13091.0|1309.1|1
21-9321-4430|1|13310803|38675997|9000.0|900.0|1
365-4450-2541|1|202897817|209538724|1364.0|136.4|1
279-6005-2211|6|203263436|210588204|13091.0|1309.1|1
365-4448-3039|2|202769126|209244239|2273.0|227.3|1
365-4448-9263|1|13375116|39747152|11727.0|1172.7|1
21-9321-1645|1|203099758|210127276|727.5|72.75|2
365-4448-5948|3|202019639|206875176|2273.0|227.3|1
193-7201-8257|2|203010896|209877823|727.5|72.75|2
365-4450-3101|3|13310606|38675308|2636.0|263.6|1
193-7201-8896|1|203040894|209990930|2273.0|227.3|1
451-2843-8949|6|202156580|207309455|2273.0|227.3|1
193-7201-7348|1|203294614|210680234|3000.0|300.0|1
279-6004-0013|1|202769102|209244215|1887.0|188.7|1
365-4448-3809|6|203163643|210361426|3545.0|354.5|1
365-4448-2885|3|13385319|39792189|2000.0|200.0|2
451-2843-6700|4|203040895|209990931|5455.0|545.5|1
21-9323-1333|1|201423513|205017969|3182.0|318.2|1
279-6003-5667|1|202995756|209823046|5000.0|500.0|1
21-9322-0078|2|202974758|209772454|2273.0|227.3|1
365-4448-3119|1|201607576|205595067|5200.0|520.0|1
365-4450-0849|1|13374407|39743412|6300.0|630.0|1
365-4450-1667|1|202897822|209538729|1364.0|136.4|1
279-6003-1922|1|203099781|210127299|727.0|72.7|1
451-2843-8949|5|203278781|210637783|364.0|36.4|1
365-4448-2895|3|202930460|209615087|4000.0|400.0|1
21-9321-4430|2|202995748|209823038|5200.0|520.0|1
365-4448-3809|1|203401146|210890178|1200.0|120.0|1
365-4448-2895|1|202897822|209538729|1364.0|136.4|1
365-4448-3039|1|203081576|210081165|1000.0|100.0|1
279-6003-4315|4|13390833|40310814|356.0|35.6|1
279-6003-6682|4|202294009|207872172|1273.0|127.3|1
21-9322-2099|4|202019640|206875177|2273.0|227.3|1
451-2860-8879|2|203329448|210728987|5000.0|500.0|1
21-9321-7663|12|202156580|207309455|2273.0|227.3|1
365-4448-2535|1|201203202|204324393|4800.0|480.0|1
279-6003-2696|1|203081600|210081189|1727.0|172.7|1
21-9321-2223|3|13372551|39737545|364.0|36.4|1
365-4448-3809|5|201108952|203928737|2727.0|272.7|1
279-6003-3056|1|13379852|39766765|8091.0|809.1|1
193-7201-8257|5|203040894|209990930|2273.0|227.3|1
365-4448-5990|9|201919632|206518107|727.0|72.7|1
365-4448-2983|1|13350697|39543557|5909.0|590.9|1
193-7201-7348|3|203294534|210680113|1000.0|100.0|1
21-9321-3715|2|203163641|210361418|3545.0|354.5|1
279-6004-7472|1|13390803|40310955|2800.0|280.0|1
21-9321-2940|2|202294009|207872172|1273.0|127.3|1
279-6003-2696|2|200625181|202015220|1727.0|172.7|1
279-6003-3931|1|201746048|206030523|582.0|58.2|1
279-6004-8848|3|13317496|39100946|1364.0|136.4|1
193-7201-7348|4|13391951|40317142|1800.0|180.0|1
21-9283-7908|1|13378227|39760819|11727.0|1172.7|1
451-2860-8879|3|203329459|210729008|2273.0|227.3|1
451-2843-6700|1|203040894|209990930|2273.0|227.3|1
451-2843-6189|1|202974761|209772457|2273.0|227.3|1
365-4450-3101|1|13310620|38675385|2482.0|248.2|1
21-9321-1645|3|13391951|40317142|1800.0|180.0|1
21-9321-2755|3|13379848|39766745|8091.0|809.1|1
279-6003-5373|6|200408920|201282848|11273.0|1127.3|1
451-2843-8949|1|203040888|209990924|2273.0|227.3|1
21-9282-9189|6|13378227|39760802|11727.0|1172.7|1
21-9282-9189|5|13375091|39747075|11727.0|1172.7|1
21-9321-2414|2|203081552|210081141|3455.0|345.5|1
193-7201-7348|7|203041337|209991379|1545.0|154.5|1
21-9321-5122|2|201203193|204324346|12400.0|1240.0|1
365-4410-5661|4|14415842|40515186|14455.0|1445.5|1
21-9321-3715|1|14421082|40530615|3545.0|354.5|1
21-9321-2264|2|202902048|209547184|4545.0|454.5|1
279-6003-1961|9|203205162|210504246|6090.0|609.0|1
279-6003-2913|1|203081554|210081143|3455.0|345.5|1
279-6004-8848|6|14402053|40354907|2500.0|250.0|2
279-6003-3358|2|202019639|206875176|2273.0|227.3|1
451-2843-8949|4|203278782|210637784|364.0|36.4|1
451-2843-6700|5|203041337|209991379|1545.0|154.5|1
279-6003-6682|5|203406530|210909529|1000.0|100.0|1
279-6003-5167|3|203205158|210504230|6364.0|636.4|1
21-9321-3961|2|13310411|38675079|3182.0|318.2|1
365-4448-4064|1|202156570|207309445|2273.0|227.3|1
279-6003-6682|6|13346420|39524429|16364.0|1636.4|1
21-9321-3961|1|13310818|38675934|5909.0|590.9|1
21-9282-9189|3|201947287|206594198|2727.0|272.7|1
193-7201-9306|3|203099798|210127316|727.0|72.7|1
21-9322-2099|8|202769108|209244221|2200.0|220.0|1
365-4448-2885|4|202897816|209538723|2364.0|236.4|1
279-6003-4347|2|14422501|40533918|1773.0|177.3|1
21-9321-7663|18|202156570|207309445|2273.0|227.3|1
279-6003-2958|1|202908277|209558313|1727.0|172.7|1
365-4448-2885|1|13313914|38688751|1636.0|163.6|1
279-6003-3609|1|201203193|204324346|12400.0|1240.0|1
21-9321-6015|1|202974761|209772457|2272.5|227.25|2
21-9322-8996|1|13310415|38675082|2727.0|272.7|1
279-6003-1961|10|201607583|205595074|4019.0|401.9|1
365-4450-0849|2|13379816|39766778|4391.0|439.1|1
193-7201-8257|3|203294534|210680113|1000.0|100.0|1
365-4448-2928|1|202100740|207137069|3818.0|381.8|1
21-9282-9189|4|200372626|201208762|2727.0|272.7|1
365-4448-2885|2|14421065|40530652|772.5|77.25|2
21-9322-2099|7|202156578|207309453|2273.0|227.3|1
451-2843-8949|3|203275574|210625341|1091.0|109.1|1
451-2843-6189|5|203041337|209991379|1545.0|154.5|1
365-4448-2535|2|202902037|209547173|5455.0|545.5|1
21-9321-2940|1|203406530|210909529|1000.0|100.0|1
279-6003-4347|3|13391893|40316979|1800.0|180.0|1
279-6003-6702|1|203263445|210588242|13091.0|1309.1|1
21-9321-2990|1|203263436|210588204|13091.0|1309.1|1
451-2860-8879|4|203102843|210134264|7000.0|700.0|1
21-9322-2099|5|202974761|209772457|2273.0|227.3|1
451-2843-6700|6|203041482|209991536|818.0|81.8|1
279-6003-4347|4|13392278|40318312|655.0|65.5|1
279-6003-4850|2|202313325|207928815|1636.0|163.6|1
451-2843-6700|2|203041178|209991217|1091.0|109.1|1
451-2843-6700|3|203041177|209991216|1727.0|172.7|1
279-6003-3738|1|202156526|207309401|800.0|80.0|1
